 500 trainacc 0.88 testacc 0.88; trainvae    77, -600,   -4,   81, -106,   57,  -19, -218,   88, -145
1000 trainacc 0.94 testacc 0.96; trainvae  -190, -754, -116, -100, -255,  -66, -208, -331,  -61, -302
1500 trainacc 0.97 testacc 0.95; trainvae  -285, -880, -175, -193, -322, -125, -289, -411, -141, -367
2000 trainacc 0.97 testacc 0.94; trainvae  -334, -948, -213, -247, -368, -161, -367, -486, -208, -415
2500 trainacc 0.97 testacc 0.92; trainvae  -371, -982, -243, -300, -417, -186, -402, -563, -244, -458
3000 trainacc 0.96 testacc 0.96; trainvae  -403,-1026, -263, -334, -465, -212, -455, -582, -261, -473
3500 trainacc 0.99 testacc 0.98; trainvae  -417,-1063, -292, -361, -486, -266, -478, -611, -291, -509
4000 trainacc 0.97 testacc 0.95; trainvae  -437,-1098, -303, -382, -522, -282, -505, -651, -301, -527
4500 trainacc 0.98 testacc 0.99; trainvae  -448,-1107, -321, -400, -546, -313, -526, -655, -316, -536
5000 trainacc 0.99 testacc 0.96; trainvae  -460,-1121, -317, -402, -559, -317, -534, -665, -327, -540
