    0 trainacc 0.09 testacc 0.09; trainvae   675,  775,  736,  811,  750,  731,  846,  818,  782,  826
  250 trainacc 0.69 testacc 0.70; trainvae   339, -396,  306,  230,  142,  297,  162,    1,  327,  154
  500 trainacc 0.84 testacc 0.87; trainvae     0,  -32,  192,   67,  -40,  158,  -39, -142,  180,  -62
  750 trainacc 0.90 testacc 0.89; trainvae  -165, -498,  114,  -49, -136,  218, -136, -227,   59, -191
 1000 trainacc 0.92 testacc 0.93; trainvae  -258, -566,   42, -109,  -10,   72, -196, -291,  -31, -269
 1250 trainacc 0.94 testacc 0.95; trainvae  -280, -629,  -26,  -87, -105,   14, -216, -264,  -74, -304
 1500 trainacc 0.98 testacc 0.95; trainvae  -312, -685,  -72, -168, -133,  -10, -237, -325, -119, -332
 1750 trainacc 0.96 testacc 0.96; trainvae  -350, -733, -106, -191, -166,  -44, -298, -348, -151, -364
 2000 trainacc 0.98 testacc 0.96; trainvae  -352, -781, -135, -160, -182,  -62, -334, -375, -188, -396
 2250 trainacc 0.92 testacc 0.93; trainvae  -374, -824, -151, -193, -206,  -84, -357,  147, -212, -420
 2500 trainacc 0.91 testacc 0.96; trainvae  -386, -853, -173, -211, -213, -112, -358, -160, -210, -428
 2750 trainacc 0.94 testacc 0.95; trainvae  -403, -861, -172, -224, -225, -144, -396, -234, -236, -457
 3000 trainacc 0.98 testacc 0.95; trainvae  -405, -881, -200, -231, -238, -164, -412, -286, -246, -468
 3250 trainacc 0.99 testacc 0.96; trainvae  -425, -889, -216, -239, -252, -188, -413, -315, -263, -483
 3500 trainacc 0.96 testacc 0.96; trainvae  -422, -920, -216, -244, -257, -190, -433, -341, -265, -490
 3750 trainacc 0.95 testacc 0.96; trainvae  -428, -939, -233, -250, -272, -205, -444, -343, -281, -506
 4000 trainacc 0.97 testacc 0.97; trainvae  -443, -941, -235, -261, -284, -213, -453, -361, -281, -506
 4250 trainacc 0.98 testacc 0.98; trainvae  -442, -952, -255, -271, -285, -220, -459, -365, -290, -524
 4500 trainacc 0.96 testacc 0.94; trainvae  -442, -961, -259, -270, -293, -240, -461, -374, -296, -529
 4750 trainacc 0.94 testacc 0.98; trainvae  -448, -959, -261, -231, -301, -237, -466, -395, -299, -544
 5000 trainacc 0.96 testacc 0.97; trainvae  -463, -987, -273, -274, -312, -237, -478, -403, -314, -537
 5250 trainacc 0.97 testacc 0.95; trainvae  -458,-1000, -287, -288, -311, -246, -473, -402, -308, -534
 5500 trainacc 0.99 testacc 0.95; trainvae  -477, -990, -273, -289, -317, -257, -478, -427, -311, -555
 5750 trainacc 0.98 testacc 0.98; trainvae  -471,-1014, -284, -293, -324, -249, -491, -407, -325, -542
 6000 trainacc 0.94 testacc 0.93; trainvae  -485,-1009, -295, -286, -322, -261, -493, -434, -324, -543
 6250 trainacc 0.95 testacc 0.96; trainvae  -474,-1037, -297, -287, -321, -275, -484, -420, -326, -558
 6500 trainacc 0.98 testacc 0.94; trainvae  -490,-1036, -295, -293, -330, -261, -498, -430, -329, -563
 6750 trainacc 0.97 testacc 0.98; trainvae  -490,-1029, -307, -302, -336, -278, -487, -427, -336, -576
 7000 trainacc 0.98 testacc 0.96; trainvae  -498,-1045, -297, -294, -342, -283, -496, -439, -342, -577
 7250 trainacc 0.99 testacc 0.96; trainvae  -499,-1048, -309, -311, -342, -281, -489, -444, -329, -587
 7500 trainacc 0.97 testacc 0.93; trainvae  -504,-1032, -311, -308, -359, -275, -497, -455, -335, -575
 7750 trainacc 0.98 testacc 0.97; trainvae  -490,-1070, -316, -313, -351, -287, -497, -442, -345, -576
 8000 trainacc 0.99 testacc 1.00; trainvae  -511,-1051, -311, -314, -368, -292, -495, -450, -346, -563
 8250 trainacc 0.97 testacc 0.98; trainvae  -495,-1054, -313, -307, -371, -292, -506, -455, -348, -589
 8500 trainacc 0.97 testacc 0.95; trainvae  -502,-1065, -307, -314, -344, -292, -503, -462, -343, -583
 8750 trainacc 0.99 testacc 0.97; trainvae  -519,-1068, -314, -316, -355, -299, -510, -462, -348, -585
 9000 trainacc 0.99 testacc 0.98; trainvae  -503,-1069, -315, -324, -363, -310, -507, -458, -353, -595
 9250 trainacc 0.98 testacc 0.99; trainvae  -509,-1068, -312, -317, -361, -308, -512, -450, -345, -591
 9500 trainacc 0.98 testacc 0.97; trainvae  -507,-1062, -321, -326, -357, -314, -516, -455, -351, -594
 9750 trainacc 0.98 testacc 0.97; trainvae  -520,-1077, -317, -322, -367, -306, -512, -475, -361, -596
10000 trainacc 0.96 testacc 0.96; trainvae  -510,-1092, -312, -318, -367, -307, -520, -466, -356, -597
